epoch_num : 2.0, lr : 2e-05, batch_size : 8, eval_accuracy : 0.8480392156862745
epoch_num : 3.0, lr : 4e-05, batch_size : 16, eval_accuracy : 0.8578431372549019
epoch_num : 2.0, lr : 2e-05, batch_size : 32, eval_accuracy : 0.7965686274509803

